131845125
206656443
228461127
209706400
220219704
209706600
188744805
188735940
167777880
157286850
167757241
167774840
188727841
188753671
188756326
188744805
178258303
178264338
167767280
188739900
167774840
178255965
146791821
167779400
167772840
188748000
157284038
167767640
157297876
178247933
157287038
178257368
178262213
167750363
178277515
146800780
146784962
157308266
136308185
136317610
167761921
157279950
146823394
125806594
167772160
157308603
157262479
157294125
188752725
157287038
167772840
157296788
125802576
146833372
136272221
125874196
104838304
130885282
124337109
198638555
192942708
178412003
148114246
152082584
166041151
146790946
188749890
188751240
157290038
178263955
178246148
167763280
157294275
178271649
136300159
199293205
125822070
167781881
188744985
188731441
220219232
178251333
188734410
220193715
188765372
178262213
188740080
209718550
220199438
178249378
178211734
167806727
178276112
167754362
188745030
167777840
167768160
178258983
188743500
199239796
199213481
209353226
178520702
178318758
199223455
199234998
188744445
146798715
199220890
188755966
188734410
167764800
199240983
199231815
199252955
178259323
209721300
188738955
230681880
199229630
209727151
220184476
220204058
220207103
230686005
